72.86701862580325
69.22725610844897
61.710130709571196
80.30825538338874
95.44323748643205
55.91081117895066
93.57420349882388
79.70155437519992
61.57455545043498
63.35522981075484
56.644950349094294
71.39567642360194
91.69814600036233
74.07960354941984
55.37553809352198
86.0827914232873
74.15664692544262
74.69743258226121
54.63656092603707
54.23228117948366
16.091451339691353
14.112284692337894
43.07425675850681
33.29954245169143
32.011806347382354
46.531099277416146
64.2033544746731
72.7907359165603
23.713463931598668
64.68835988200706
60.880209305922286
27.40344546845431
64.65629067473584
36.320339370449496
81.06370821266697
13.300066742656869
68.65796593774051
38.07336366753709
3.650488505318905
43.40258974028729
24.66759440167309
9.430631031139736
76.93082692148967
76.9799574301534
94.35846156825286
47.6536648907678
18.562835952680633
76.51371409495833
47.548464194114814
42.19831255731597
62.396868236194045
68.856523733338
83.74486774061398
59.13565928178357
30.96898929712051
97.90497582617165
17.99100338692632
53.145625617068404
71.10910237649769
76.21833209165052
93.66566767333686
46.64627397701692
17.66271151061306
23.069968993562984
48.482786381421725
9.655735469581185
55.50079752394793
7.917150478301938
68.73183552910156
27.28406257876482
83.31953787648091
70.37164726251723
14.765132904799149
49.998509976924446
68.60045019571574
29.097909219032047
88.92484607940251
16.240921475073534
58.81611496372662
16.810948150053562
79.26585026328652
47.576341352793406
62.997990346668495
9.821951911314864
35.97562794159723
12.20584459867008
15.88108036059641
93.1226148687789
24.53976982051441
5.980812312693661
67.85888147545451
83.5674467019127
89.69988289500908
38.95428943102752
97.885667428484
96.62130178984152
96.04068416445662
75.00679735889273
81.05927910544806
76.64793462660575
68.4201907222233
47.94574400270587
12.326126963110884
92.53899507425376
69.88172064232756
1.0816301611770718
18.323524632279153
42.254166464361816
6.86287559606834
10.204479674633305
67.89838409671788
16.42790638979833
47.22269324433424
20.450512182145175
2.4193895832508305
58.77442569395396
72.7055677247791
85.6016565792428
93.76934812405855
77.01318556086017
5.476307306956252
14.213912018564823
85.51731644995286
26.115634306000544
35.6994608878652
30.496056468740584
91.21159256541893
97.25129132999888
28.423760970621746
97.05807986607137
13.551556387917651
48.27060981659573
96.1221556124427
70.7162361888318
96.42652753747151
59.75900045382293
84.89772362718652
20.632053788316906
4.348781713622774
90.30496776610843
59.67074645232021
92.3304748660059
42.276942420575445
13.944109948386895
63.177829128934434
29.279439645195893
10.316261804235117
68.75644921407859
16.645610492112507
43.99159073625935
61.91971157976391
22.871822229354542
64.2405381458991
57.43109895120415
0.24518640300290606
41.106261168506386
78.66727973855423
93.82161389486147
43.17879385163569
41.8786184625592
74.84211794328822
12.795810967539033
81.85402569688425
31.823019076147695
66.95651873977428
62.0108745984452
80.78168184012208
46.34817305497687
58.522568267135114
76.36160668872371
46.62436044104855
4.63956616915776
54.88961606715376
4.654771264858026
89.89863609457474
51.58408625594861
41.70021962885904
2.500840850472319
48.23093274301724
11.815753019787723
48.994847061539396
26.659472270637742
88.89001949114092
78.84171843247661
66.31228370224561
23.443876499148796
87.73242279819368
21.365697764498538
79.21971688793442
9.279162595003731
78.96563087527043
90.08939604257223
24.95666195044015
71.2594404489398
63.125604686933144
4.008279090333522
34.91122514939921
71.29096173254273
45.601246227372684
49.643598448503546
76.46979817008689
17.87114641498343
97.18739699900098
95.36626846693437
19.518749055429474
39.63542974424199
80.54847206212196
57.52569259351332
71.5930471078556
73.08270593066081
55.599443924979596
4.066821473577209
37.641094424901475
37.70193290457227
33.41395390230176
46.244554525986345
36.696666304163436
76.4594400172038
24.008811268498988
65.19839647191917
59.141135428250614
97.79307578334124
21.966021172531992
26.57021135409927
8.591535673188877
0.5460180709517815
99.4941106197322
73.87469906215794
38.533182177656
71.17568575589158
95.20761574710781
88.87428972314143
91.64148118616737
46.63048654038665
39.103353542926946
23.895481464490665
12.79661549417721
77.83354130607889
54.454029555818614
7.933088944293454
85.74872178227734
48.92019681575525
8.374011996651243
43.49804948515907
91.13818684397876
4.536475936222617
96.58372312929767
83.96545763331916
25.860536880439213
24.736576994901714
81.0309674223266
52.130502144479316
13.104632439691265
34.85116511026442
91.16238813407233
28.31647614517947
78.8029706609074
56.34870263067899
72.62627369060439
18.076161850314953
43.751083159370374
53.372664808394724
33.78083680392632
46.31361425980889
75.23228276645068
63.71923605236254
58.31592980369595
89.18199298708981
10.69564569270457
56.97306187490182
4.388447351911051
96.33385303811572
21.130751233349166
62.919603893162915
72.5377858296112
92.92884763028715
56.63519156893354
22.588623748872227
33.307895021196664
7.986833555309136
45.8643289147024
41.319805526807244
30.261916486313
65.65919468316571
10.260207242063101
58.623814193028046
16.96025892862262
59.12170827370152
16.02243669128187
97.90603452799654
15.529078003997776
14.686016483452867
18.663529543964852
51.111911997557215
51.85112193484327
21.35396948028969
85.64185915710134
34.308658220660924
9.331509264135873
91.87882435214723
76.78363731963644
41.99989747296692
72.44127132171832
55.556659315585556
28.277467976104866
88.0055003935115
40.50488484660957
53.54639039019655
61.41192865969977
9.573837536542918
29.765529926518262
9.923955507956983
30.862239752273613
38.51425317852845
66.61349000859518
51.229832664457575
48.413655707826564
43.671065268236134
52.14729633115562
23.792679522122118
87.88028936039017
35.94462341154634
38.41270097201394
1.9505697912128528
66.53022914329773
8.88698193059627
20.467875339306108
21.75502091212286
87.11101367017775
24.53522038480731
37.37826764329037
35.79492298952278
19.21354266598333
72.00055024047946
44.127971523364515
51.40312396875479
96.30022970962199
64.04011902874022
84.33181903834725
88.83095362574522
13.274343853692617
80.35763516641137
29.835171071511258
60.03470587097364
29.586150599006377
98.44665456656512
87.1575783803543
90.7615460510538
17.6735896178586
11.130788051852193
64.73315775694687
48.09877561169493
15.182195474502368
4.044290277513108
26.130087707787442
21.976366369739665
40.96135266780934
23.169505078693785
92.28784904584721
67.52764396626085
81.96785468939363
24.529640345419313
86.40826371322264
82.25239563811193
6.72220696572301
19.473021474231167
57.22913362871173
54.952151789469696
2.6156466042298376
88.38434564736005
9.375578713657152
65.97301565584283
77.23208202375893
95.81636263185533
90.85368538498952
7.431391997492498
71.27807686057999
44.46130742689984
51.78805603723461
34.87991768967468
20.357771858933692
82.2492784179895
50.06073948137866
21.084391157154958
88.22319014522785
59.975354572499754
64.1145807600141
87.93158753862743
55.60112039775912
42.5562689262861
32.63814683583143
17.13830618204406
8.686308532401664
32.639198919498845
80.38755491640786
10.118512068565877
55.199627622274626
82.72787669338273
30.07888078773534
22.50408936947127
52.32728161509974
20.450843206043277
74.87893930440136
48.8244508477811
53.70654322533377
22.480627965976108
57.881804167286674
27.44410901955724
48.982213595437265
5.555297064983877
69.04534899018104
5.366186231212822
45.14523608502381
48.45683431279084
9.01663719621597
78.47397008911568
38.088065603544585
16.551006520915212
78.63853529125643
92.46475360072488
10.704205448374493
73.6342791796534
95.126712119805
31.783032906701226
91.40724240261898
37.234696359842154
17.120739956114207
30.45893721269921
45.053143406553
96.9155665532887
75.1826256159431
17.709091539394073
37.01566569182925
36.6978179116423
28.43437604192386
49.61588294707244
0.5799797339184121
93.07767710671577
64.48180661616524
96.37461746122334
75.3944791934848
34.86221419808575
49.197643914145274
68.62578944730362
26.411492499687604
69.6563664861897
80.33157626968494
84.21955501740693
67.82474987035837
71.73169346590907
15.402643554665996
76.90865534148534
74.64361974089758
83.12820584656994
34.18100627702211
49.770391204569655
11.289557918576687
10.395490674258278
36.18602388054983
33.63477478644514
48.574157628416394
40.977513464458745
53.56705701072282
83.3926863847055
27.956309480038833
81.45565111766429
88.70654770013041
74.43004937407196
97.46893611096796
33.24388979135207
69.68614299799488
90.71721581852611
98.99290178422288
87.03322745155462
1.6213814821703587
81.19675222982866
43.82170751981824
94.5524517131134
41.519038074416535
86.48310131935644
75.85099660598257
84.55552322452424
54.8727776175698
15.580428001177326
32.95773697493688
90.2681718725118
57.64571177029588
58.10518344546971
53.47909386676564
43.56594049667213
60.41808015886871
14.811232143821595
76.8119344609427
62.35432650494126
32.76437167397008
42.152650832699024
88.29368781907834
1.6795981393470605
6.343094399047422
6.3837185842784745
43.126080241355936
96.81822687787967
70.65459457547021
39.311178014424605
36.24377668793378
4.462033878519578
8.524281488205421
73.8365701694174
12.763130738090744
89.58308591603324
46.977324034647175
30.920931867197552
94.7381109291217
65.62868960185394
95.79599272296144
80.71172181532461
61.24133346645421
49.65706931348126
18.038683011198863
32.74017841533159
38.390992949952754
64.25407827257825
77.67120549076031
18.504396274002143
15.541532284465786
81.69332193581957
7.485205372408121
95.86543023832948
11.84843482933381
32.03638652404164
60.32594828979826
79.8456473827103
89.65286828353224
52.05167034489371
15.978039635107566
67.06013117616209
93.39929350937032
6.445879450112657
1.9121277030799022
15.542689084077022
86.82916950009462
26.977557024363808
79.98748544976812
62.16569820640018
43.639703458527975
98.16831452237254
98.98920026564522
17.281292688410765
80.21365139630716
70.5405094431218
86.1033877423227
30.15677071072228
26.063035850894423
19.499857402124565
10.83257677423859
54.976625533252246
50.92635694310519
59.86547628751436
78.33549172185357
30.128417987511302
86.04211124030674
31.131152244743042
43.40021672091206
46.13726463040479
40.727412710539525
81.35414082235695
61.94007922145504
46.593726099458785
72.81101127454816
54.46241583762605
56.914499288307596
48.708274699256116
93.83008822995195
87.94454824468296
41.19937551096229
89.89977183321898
59.10079491862725
93.76844192196955
43.11591961902382
3.191561954732003
52.1608765956793
10.800618820186747
48.135146265298225
41.29329206013751
5.700325517347837
55.18440262503969
97.42339636829868
73.97265917629045
48.76754004736614
64.18548787085663
46.087904695612956
97.6106603360007
71.18408865290557
70.04899392364372
67.82372409216345
50.796091310384305
51.375859674610346
89.00354660729597
48.64379231410424
22.288539982278767
21.220011525552927
89.98676250342825
20.287231503830416
29.490080026497758
52.41525832314794
71.67706634087057
86.94410286719922
41.945669937375655
76.67883551613971
46.39806613939378
51.14630631913677
50.20318483354973
63.70986120113626
83.82505918896851
77.46513626551105
91.57693078309964
20.158611642356405
33.32620802079448
47.834865214311684
23.267422891684973
1.2839046983705193
19.250391261378574
54.669630488255386
20.723870157139824
5.339994799541515
84.8259346196502
57.48941214696853
8.860714256415502
84.43205310800911
98.94999482450837
10.962828345114051
88.20225294671319
15.599762060241694
65.38937252384692
17.44531088192568
49.10186824285875
26.83110419551141
42.46270961428219
48.47234467942442
60.7781945367653
36.798970186843796
45.68421909377028
27.048016280374597
39.25333216228014
9.771282507300839
19.9138494961247
68.2040298643635
96.27300516769081
12.150946105685678
4.300768127676258
54.09230745246559
88.43280970355401
83.68620512719643
22.84992506500624
95.80992565686206
75.78797490748018
66.13791479900202
87.5858701109301
87.63573159897172
33.065696775922014
73.300736899303
74.95218996076473
52.022507432342856
42.173069373329675
34.57877263420991
58.476817375179394
0.8107356116207165
68.32192971910366
85.0305570597228
55.77369790154132
60.25469133646168
48.77586483245351
10.084292804691074
93.02986174070854
12.907318127614232
47.081921180778686
80.46191373543562
93.72761130464731
21.383956629239144
45.197929671253036
50.796904134918684
12.062640512717927
48.21702750799491
36.521556152331605
33.81844645949905
70.81144506896422
52.404455789638405
90.21197681116323
80.67783882140756
51.34836336284214
7.303211635008012
11.518333247063762
49.78299958818797
88.45657457349135
34.84185313238113
88.92235821665842
91.39192282541855
50.63203757152907
63.980579472956556
80.98998925133452
53.8931482786276
28.512465539862262
63.847738501561714
45.66315380103744
15.37809394833597
24.15421700361979
81.07447579387687
87.89074397969486
83.75409820746358
57.12855083002141
26.055363426678703
36.51609056953959
22.431129661243553
37.55028787348912
17.490777822756964
19.144213922025376
77.64849833684349
50.80081156768792
92.40636151171766
90.08280204777466
66.71914762753953
82.13852098006713
87.6285171990086
56.07192703652587
60.79352939503321
54.9921565044089
3.8084582960259072
79.97492849616154
90.03125666495893
11.882222328100589
33.97119802098444
33.041572345406436
42.986452069301215
5.30294507203477
6.508606987149612
63.466993636827105
10.34552943911563
46.11956668848259
61.400476511398516
54.01080103515823
31.632550906876343
59.76314841598255
42.12194538844609
43.27562612069471
2.6341173095986714
5.627381120611908
4.0105307224429065
84.65675672360788
58.88053914397112
6.465111008997004
57.95075547355722
49.88169953311095
28.421049409075582
38.950132236514726
35.91170222359398
43.57393763943779
25.95584818590583
53.261388361758996
83.63731052581697
41.05289135579493
27.368762330551522
82.01059481068191
5.409614640066573
24.547524244835994
53.976136069200884
63.11903449091144
10.615279658775956
69.58860181461486
90.3150496659735
51.26837555920276
83.01416391782912
95.94641663507096
66.99068729929857
0.6131786284484742
30.475212408411025
67.21189408957929
87.83595266910294
34.25431917141011
42.0948580570087
45.25792863265349
16.84767214991484
23.212132339490154
17.680665825245256
8.169562801004215
43.9498668025484
42.09971173199857
66.86469671630259
60.48610084909109
36.657871017835845
82.42524822698537
21.95153452661296
12.683275741567545
2.2968603006919275
90.12478343040242
41.79629139418266
21.558141532029097
27.811769650164564
37.15200476502123
18.54432149611548
28.45030073330379
4.339399358789264
38.84431339525407
20.91242590224358
62.924654968457105
46.5981078536474
65.848759680063
37.42597344669463
48.64253128076972
73.58199702804843
70.69575138747028
72.82271915465762
98.7551748663362
40.42148150831647
45.30516389971281
18.84337671175995
15.987335061302865
5.067247211827663
20.420990203091538
15.835640298144593
29.886396209191425
99.44725880522553
83.11108938681855
51.801601747819326
96.21379083267875
28.55865974604217
78.3583293891555
86.06565834329137
52.89867130130964
88.881184648983
93.81613279105268
78.59988914469427
22.76714870837335
98.91449639680206
96.1010376756513
26.216956965046133
44.269972278175786
7.556914170440665
59.84151071378275
18.37003761828383
73.54742981154352
55.0938756428908
28.61744203937253
0.6006564022121741
53.51735758763512
25.684795736100018
8.544779740577834
65.58864047939944
90.39840511550732
10.381117161068232
27.433311450962663
62.218177404208106
9.706645909304045
55.20778997685797
10.521989074093819
38.28025074374435
20.037957286171014
4.924539536668748
86.09853240728056
57.54694276945973
16.957742733016843
11.560096968674749
14.446003644770855
79.39380356040533
41.67139935014392
31.435027882393396
43.142892002052726
49.81591947180476
4.49222994363142
71.28444843588107
32.92730422014404
23.85173169131819
66.33251339361964
72.40070170477365
93.04610929559261
2.2838606994088795
88.98970901408701
19.4253010670998
19.173618872334064
0.7522501019029293
49.28815440534161
98.36538375059483
55.97288758337552
8.131205435872168
76.41044011882143
40.260934784306414
31.472647300845612
78.34375917946954
20.44828313623519
10.828201744413235
83.30705423125443
5.346062937534546
40.11727746221838
48.50973648479513
49.91163093999484
6.902858255939492
91.28451306306519
17.803761807527618
21.44344154513538
4.596169347374546
48.8625945673938
18.645998981623713
3.263604444396928
23.981945264443894
52.07706792888524
65.23188933057197
91.46097024200509
8.852967851302251
45.36776071770744
17.841617950698417
50.49306624831933
60.00734771310569
43.63574515597738
79.55832699230967
13.993710519473579
92.03638136984107
4.775441451369645
13.86137284138097
89.00004780659188
70.98764953119586
60.9270797599317
49.07491543395825
67.7514342911398
18.506439455102665
77.60220151219507
22.792474766537296
6.214855384650364
58.17288101912549
37.62189914240067
5.567867906337598
93.91875704273785
66.3023205813153
12.426078369366833
62.66068600564498
49.966561661003006
42.075496290284406
25.267115910389947
41.641408519304015
19.016445710769545
47.0593681977286
82.23696995990952
53.14001845807711
50.621264908048644
71.76824889489018
15.505732281912977
97.98579028059551
8.466771408016882
40.51710930603982
9.806003935457264
33.853135541717926
75.79999629051476
85.83733355780718
11.196972319103715
93.19182015829765
52.3449705553024
91.53657200423055
59.90831502835765
50.982084814314234
81.69982548341498
66.41628120286173
48.510794653294795
86.6911441974989
10.824663635119391
34.28346032151723
22.579743415132782
61.18432185943975
41.21234445512616
12.405996619206805
92.89265502805723
38.27459628662553
23.47217631145603
4.960633538818648
44.1024745438879
86.38252263955748
91.29197845034179
49.95509701901493
20.377592213652353
49.78738675815352
16.46096199235777
85.12083143319138
39.75110918456431
8.649501807904425
44.33995096224928
33.6164634429726
53.38796957997049
39.843186363064206
53.47667696137436
41.40481084673551
91.86570845072379
98.18240618110366
68.40282361573817
82.58946129020354
55.279306126863304
87.95248834909455
57.253221113210465
68.55479256807155
55.977503307217404
24.154306335115184
64.0554151400217
79.11705515677767
20.311865395875717
